0.0 0.0 0.0 -2.5649781933838417e-26 0.0
0.030030030030030026 5.15254349636468e-10 0.0 3.435155088579621e-10 0.0
0.06006006006006005 8.571054143296604e-10 0.0 6.971035165175733e-10 0.0
0.09009009009009009 4.675957137382841e-09 0.0 6.93832411327287e-09 0.0
0.1201201201201201 2.44581834797798e-08 0.0 2.90867940955745e-08 0.0
0.15015015015015012 9.185026049362876e-08 0.0 8.797041968374441e-08 0.0
0.18018018018018017 2.7188324570922713e-07 0.0 2.1710806790509093e-07 0.0
0.2102102102102102 6.795839583037161e-07 0.0 4.6428744821473184e-07 0.0
0.2402402402402402 1.4995749018086682e-06 0.0 8.934359460584619e-07 0.0
0.27027027027027023 3.0069643413122607e-06 0.0 1.586478334080056e-06 0.0
0.30030030030030025 5.588972371906158e-06 0.0 2.6427555518885123e-06 0.0
0.3303303303303303 9.766845527047982e-06 0.0 4.17830947171094e-06 0.0
0.36036036036036034 1.6216386982603628e-05 0.0 6.325400506851951e-06 0.0
0.39039039039039036 2.5786009433409857e-05 0.0 9.229947370543416e-06 0.0
0.4204204204204204 3.951192628801169e-05 0.0 1.3047914252235904e-05 0.0
0.4504504504504504 5.862882011720238e-05 0.0 1.7942011471241507e-05 0.0
0.4804804804804804 8.457478758954559e-05 0.0 2.407671643783309e-05 0.0
0.5105105105105104 0.00011899018049147373 0.0 3.1612166546659806e-05 0.0
0.5405405405405405 0.0001637088870471975 0.0 4.069864489163821e-05 0.0
0.5705705705705705 0.0002207409350523516 0.0 5.1469204398517586e-05 0.0
0.6006006006006005 0.00029224665026572014 0.0 6.403118853048647e-05 0.0
0.6306306306306305 0.00038050102392622894 0.0 7.845963478068886e-05 0.0
0.6606606606606606 0.0004878472196563102 0.0 9.478937373753454e-05 0.0
0.6906906906906907 0.0006166403699587511 0.0 0.00011300385000502618 0.0
0.7207207207207207 0.0007691813558843491 0.0 0.00013302860136475765 0.0
0.7507507507507507 0.0009476389491953582 0.0 0.0001547247063750377 0.0
0.7807807807807807 0.0011539619714902927 0.0 0.00017787781384187308 0.0
0.8108108108108109 0.0013897836168585542 0.0 0.00020219032465680655 0.0
0.8408408408408408 0.0016563156926793095 0.0 0.00022727845050611522 0.0
0.8708708708708707 0.001954234235004707 0.0 0.0002526654922703982 0.0
0.9009009009009008 0.002283560601519313 0.0 0.0002777726182556592 0.0
0.9309309309309309 0.002643537563572606 0.0 0.0003019202594371067 0.0
0.9609609609609608 0.003032500131856872 0.0 0.0003243275058921612 0.0
0.9909909909909909 0.0034477459716319918 0.0 0.0003441068943258087 0.0
1.0210210210210209 0.0038854083461126584 0.0 0.000360267029147901 0.0
1.0510510510510511 0.004340329808079651 0.0 0.0003717199105018438 0.0
1.081081081081081 0.004805941069318623 0.0 0.0003772837592469014 0.0
1.111111111111111 0.005274149951929801 0.0 0.00037568734540479465 0.0
1.141141141141141 0.005735239978449089 0.0 0.0003655844992730126 0.0
1.1711711711711712 0.006177781017152343 0.0 0.0003455650869271446 0.0
1.201201201201201 0.006588557464983591 0.0 0.0003141659408515039 0.0
1.231231231231231 0.00695251534385188 0.0 0.00026988970795690706 0.0
1.261261261261261 0.007252729363610338 0.0 0.00021122349249566854 0.0
1.2912912912912913 0.007470395226917833 0.0 0.00013665667850937724 0.0
1.3213213213213213 0.007584848619129515 0.0 4.470590939952778e-05 0.0
1.351351351351351 0.007573611474329536 0.0 -6.60609203493037e-05 0.0
1.3813813813813813 0.007412470552981598 0.0 -0.0001970027707380031 0.0
1.4114114114114114 0.007075589622385264 0.0 -0.0003493745493260253 0.0
1.4414414414414414 0.006535652943567547 0.0 -0.0005242966801409237 0.0
1.4714714714714712 0.00576404592590511 0.0 -0.0007227328015509048 0.0
1.5015015015015014 0.004731074860257613 0.0 -0.0009454598197406665 0.0
1.5315315315315314 0.003406219769141969 0.0 -0.0011930271840214293 0.0
1.5615615615615615 0.0017584233580345326 0.0 -0.0014657369366129912 0.0
1.5915915915915912 -0.00024357839026220595 0.0 -0.0017636201328391692 0.0
1.6216216216216217 -0.0026308912415729463 0.0 -0.0020863946815157363 0.0
1.6516516516516515 -0.005434069552141089 0.0 -0.002433439566416513 0.0
1.6816816816816815 -0.008682684539961653 0.0 -0.0028037834744585096 0.0
1.7117117117117115 -0.01240485952188169 0.0 -0.003196075895378215 0.0
1.7417417417417413 -0.016626786055872474 0.0 -0.003608549667892171 0.0
1.7717717717717716 -0.02137221508757991 0.0 -0.004039023065841853 0.0
1.8018018018018016 -0.02666192067671523 0.0 -0.004484889944236922 0.0
1.8318318318318316 -0.0325131526260162 0.0 -0.004943087829658127 0.0
1.8618618618618619 -0.038939085710983874 0.0 -0.005410098322597635 0.0
1.8918918918918919 -0.045948254319870235 0.0 -0.005881961424870012 0.0
1.9219219219219217 -0.05354398643067357 0.0 -0.006354267518765672 0.0
1.9519519519519517 -0.06172385415096599 0.0 -0.006822150102698467 0.0
1.9819819819819817 -0.07047913363852125 0.0 -0.007280322197467502 0.0
2.0120120120120117 -0.07979427843553068 0.0 -0.007723094878030565 0.0
2.0420420420420418 -0.08964642608499779 0.0 -0.008144382375196426 0.0
2.072072072072072 -0.10000494300493493 0.0 -0.008537743554556082 0.0
2.1021021021021022 -0.11083100220893655 0.0 -0.008896427825565437 0.0
2.132132132132132 -0.12207721184098679 0.0 -0.00921340561128645 0.0
2.162162162162162 -0.13368730582998956 0.0 -0.009481412816909804 0.0
2.192192192192192 -0.14559589244736335 0.0 -0.009693017982865112 0.0
2.222222222222222 -0.15772827199753053 0.0 -0.009840674248477212 0.0
2.2522522522522523 -0.1700003363110373 0.0 -0.009916780041964267 0.0
2.282282282282282 -0.18231854837129888 0.0 -0.00991375789233029 0.0
2.312312312312312 -0.19458000924936594 0.0 -0.009824121990973107 0.0
2.3423423423423424 -0.20667262502902464 0.0 -0.009640551623057771 0.0
2.3723723723723724 -0.21847536908728946 0.0 -0.009355988721554085 0.0
2.402402402402402 -0.2298586441133637 0.0 -0.008963712066666246 0.0
2.432432432432432 -0.240684758876222 0.0 -0.00845741150071685 0.0
2.462462462462462 -0.25080851342685767 0.0 -0.007831300726258764 0.0
2.4924924924924925 -0.260077883241464 0.0 -0.007080205894703935 0.0
2.522522522522522 -0.26833482522369695 0.0 -0.006199628548458442 0.0
2.552552552552552 -0.2754162020860675 0.0 -0.005185845485632241 0.0
2.5825825825825826 -0.2811547990972485 0.0 -0.004036031959903584 0.0
2.6126126126126126 -0.2853804502983213 0.0 -0.002748304672427011 0.0
2.6426426426426426 -0.2879212858043486 0.0 -0.0013217904778293522 0.0
2.672672672672672 -0.2886050683620011 0.0 0.00024324135872908024 0.0
2.702702702702702 -0.2872606047668697 0.0 0.001945325669369224 0.0
2.7327327327327327 -0.28371926699116595 0.0 0.0037817778903458084 0.0
2.7627627627627627 -0.2778165965739369 0.0 0.005748605194095119 0.0
2.7927927927927922 -0.26939394865626126 0.0 0.007840409881714626 0.0
2.8228228228228227 -0.2583002045738447 0.0 0.010050415271082896 0.0
2.8528528528528527 -0.2443935530524958 0.0 0.012370439040503983 0.0
2.8828828828828827 -0.22754328701855364 0.0 0.014790797992485187 0.0
2.9129129129129128 -0.20763160302710731 0.0 0.017300333893282463 0.0
2.9429429429429423 -0.184555438534367 0.0 0.01988645844272721 0.0
2.972972972972973 -0.15822830031236695 0.0 0.022535123348840495 0.0
3.003003003003003 -0.1285820370102978 0.0 0.025230809298664794 0.0
3.033033033033033 -0.095568588362439 0.0 0.0279566383090362 0.0
3.063063063063063 -0.05916169462194265 0.0 0.03069442001384442 0.0
3.093093093093093 -0.01935850916912977 0.0 0.03342465490646876 0.0
3.123123123123123 0.023818890426425945 0.0 0.03612665988112448 0.0
3.153153153153153 0.07032207363624876 0.0 0.03877868910882484 0.0
3.1831831831831825 0.12007496287746093 0.0 0.04135800273965689 0.0
3.2132132132132125 0.1729727034333156 0.0 0.04384098030504498 0.0
3.2432432432432434 0.22888067605065557 0.0 0.046203301624665225 0.0
3.2732732732732734 0.2876336828014057 0.0 0.04842007514277823 0.0
3.303303303303303 0.34903534143700393 0.0 0.05046597884593436 0.0
3.333333333333333 0.4128576809446281 0.0 0.052315463810726645 0.0
3.363363363363363 0.47884094989666576 0.0 0.05394292663882367 0.0
3.393393393393393 0.5466936721396659 0.0 0.05532288726425366 0.0
3.423423423423423 0.6160929416290972 0.0 0.05643022056074441 0.0
3.4534534534534527 0.6866849628659251 0.0 0.05724034949087387 0.0
3.4834834834834827 0.7580858708764271 0.0 0.057729431741455325 0.0
3.5135135135135136 0.8298828188934739 0.0 0.05787462995546468 0.0
3.543543543543543 0.901635316578622 0.0 0.05765432657451192 0.0
3.573573573573573 0.9728768672107861 0.0 0.05704829287212894 0.0
3.603603603603603 1.043116896389016 0.0 0.05603794276126023 0.0
3.6336336336336332 1.1118429172941116 0.0 0.0546066205978503 0.0
3.6636636636636633 1.178522977765297 0.0 0.05273972578622056 0.0
3.6936936936936933 1.2426084099030983 0.0 0.050424901200180464 0.0
3.7237237237237237 1.3035368105905867 0.0 0.04765236543155259 0.0
3.7537537537537538 1.3607352339585896 0.0 0.04441504475154324 0.0
3.7837837837837838 1.413623672846976 0.0 0.04070866782702294 0.0
3.8138138138138133 1.4616187662183122 0.0 0.03653201905667183 0.0
3.8438438438438434 1.5041376392480348 0.0 0.03188717674194706 0.0
3.8738738738738734 1.540601957897965 0.0 0.026779492363970966 0.0
3.9039039039039034 1.5704421896567446 0.0 0.021217705429095006 0.0
3.9339339339339334 1.5931019484959819 0.0 0.015214222665160641 0.0
3.9639639639639634 1.608042413968261 0.0 0.00878508037420727 0.0
3.993993993993994 1.614746907467622 0.0 0.0019499029027198343 0.0
4.0240240240240235 1.6127255136982837 0.0 -0.005267945816115912 0.0
4.0540540540540535 1.601519642687077 0.0 -0.012841288822438929 0.0
4.0840840840840835 1.5807066311203475 0.0 -0.02073934110951908 0.0
4.1141141141141135 1.5499043388168334 0.0 -0.028927737331548308 0.0
4.144144144144144 1.508775601937716 0.0 -0.037368433999522 0.0
4.174174174174174 1.4570325496464203 0.0 -0.04601995545911056 0.0
4.2042042042042045 1.394440842163142 0.0 -0.05483759742664688 0.0
4.2342342342342345 1.3208236996654439 0.0 -0.06377346966638357 0.0
4.264264264264264 1.2360656444200266 0.0 -0.07277666467276764 0.0
4.294294294294294 1.140116037507983 0.0 -0.0817936219641411 0.0
4.324324324324324 1.0329923384012027 0.0 -0.09076833200415632 0.0
4.354354354354354 0.9147829833246567 0.0 -0.09964251256198288 0.0
4.384384384384384 0.7856499057085237 0.0 -0.10835602418106327 0.0
4.414414414414414 0.6458307031980262 0.0 -0.11684720629714576 0.0
4.444444444444444 0.49564034994011524 0.0 -0.12505315867960248 0.0
4.474474474474475 0.33547244023843037 0.0 -0.13291015015331942 0.0
4.504504504504505 0.16579998821696995 0.0 -0.14035404761146134 0.0
4.534534534534534 -0.012824291565568375 0.0 -0.14732067245932035 0.0
4.564564564564564 -0.19976824115831054 0.0 -0.15374626209700792 0.0
4.594594594594594 -0.39432102444658085 0.0 -0.15956793509002148 0.0
4.624624624624624 -0.5956944631458566 0.0 -0.16472407344424264 0.0
4.654654654654654 -0.8030249653749101 0.0 -0.1691548095397762 0.0
4.684684684684685 -1.0153759772646835 0.0 -0.17280257559198106 0.0
4.714714714714715 -1.231741018918863 0.0 -0.17561245391035785 0.0
4.744744744744745 -1.4510473494076435 0.0 -0.17753259965239176 0.0
4.774774774774774 -1.6721601630035037 0.0 -0.17851489227345307 0.0
4.804804804804804 -1.893887298831358 0.0 -0.17851527933747316 0.0
4.834834834834834 -2.114984583937028 0.0 -0.17749408084748136 0.0
4.864864864864864 -2.3341617195904854 0.0 -0.1754165634318673 0.0
4.894894894894894 -2.550088566013249 0.0 -0.17225345248527305 0.0
4.924924924924924 -2.7614019770405935 0.0 -0.1679810554167115 0.0
4.954954954954955 -2.9667131684167067 0.0 -0.16258161905410426 0.0
4.984984984984985 -3.164615411711317 0.0 -0.15604398174416517 0.0
5.015015015015015 -3.353692065279833 0.0 -0.14836363051958765 0.0
5.045045045045044 -3.5325250865100584 0.0 -0.1395428027715055 0.0
5.075075075075074 -3.6997038258779518 0.0 -0.12959096779851265 0.0
5.105105105105104 -3.8538339206160757 0.0 -0.11852509880111788 0.0
5.135135135135134 -3.9935465003696167 0.0 -0.10636947057946237 0.0
5.165165165165165 -4.117507614491777 0.0 -0.09315581179901007 0.0
5.195195195195195 -4.2244276118908255 0.0 -0.07892372503648061 0.0
5.225225225225225 -4.313070521851379 0.0 -0.06372036426053469 0.0
5.255255255255255 -4.3822635566300185 0.0 -0.04760025279954738 0.0
5.285285285285285 -4.430906472431925 0.0 -0.030625482052783478 0.0
5.315315315315314 -4.457980627184174 0.0 -0.012865589955673823 0.0
5.345345345345344 -4.46255794824426 0.0 0.0056029697131790195 0.0
5.375375375375374 -4.44380966058908 0.0 0.024696980392014078 0.0
5.405405405405404 -4.40101452781382 0.0 0.04432647344779082 0.0
5.435435435435435 -4.333566681862149 0.0 0.06439540011982443 0.0
5.465465465465465 -4.240983092866701 0.0 0.08480209790591335 0.0
5.495495495495495 -4.1229104321282595 0.0 0.10543950932298073 0.0
5.525525525525525 -3.979131246650218 0.0 0.12619573246710158 0.0
5.555555555555555 -3.8095695837955112 0.0 0.14695476828083545 0.0
5.5855855855855845 -3.6142959014772056 0.0 0.1675969966357117 0.0
5.6156156156156145 -3.3935311293784536 0.0 0.18799970316483475 0.0
5.645645645645645 -3.147649956928715 0.0 0.208037934096307 0.0
5.675675675675675 -2.8771833034974796 0.0 0.22758515228904258 0.0
5.7057057057057055 -2.582819832768376 0.0 0.24651389346479563 0.0
5.7357357357357355 -2.2654065487393766 0.0 0.26469662852407677 0.0
5.7657657657657655 -1.9259484715222162 0.0 0.2820065200488308 0.0
5.7957957957957955 -1.5656072753147836 0.0 0.29831813456646117 0.0
5.8258258258258255 -1.18569893640112 0.0 0.3135084057469784 0.0
5.855855855855855 -0.7876904284284988 0.0 0.3274574057417708 0.0
5.885885885885885 -0.37319532992573434 0.0 0.34004901617294025 0.0
5.915915915915916 0.05603161218588642 0.0 0.35117189753690264 0.0
5.945945945945946 0.4981008047033599 0.0 0.3607204107523702 0.0
5.975975975975976 0.9509951882882431 0.0 0.36859513588520665 0.0
6.006006006006006 1.412578686923551 0.0 0.37470363913317584 0.0
6.036036036036036 1.8806054786375563 0.0 0.37896162708774617 0.0
6.066066066066066 2.3527301228786257 0.0 0.3812933480757732 0.0
6.096096096096095 2.826518731224925 0.0 0.38163206823961665 0.0
6.126126126126126 3.2994609330661033 0.0 0.379921100981584 0.0
6.156156156156156 3.768982396953318 0.0 0.376114471106567 0.0
6.186186186186186 4.232458227425009 0.0 0.3701769868897047 0.0
6.216216216216216 4.687227109807889 0.0 0.36208482923895857 0.0
6.246246246246246 5.130605802972495 0.0 0.35182654530679164 0.0
6.276276276276276 5.559904101243961 0.0 0.33940287288803433 0.0
6.306306306306306 5.972440442745037 0.0 0.32482683976953874 0.0
6.336336336336336 6.365557755705374 0.0 0.3081245339406049 0.0
6.366366366366365 6.736639294314895 0.0 0.289335235219111 0.0
6.396396396396395 7.083124853428999 0.0 0.26851094539679915 0.0
6.426426426426425 7.402527108989053 0.0 0.2457165834380138 0.0
6.456456456456455 7.692447639614397 0.0 0.2210304663588194 0.0
6.486486486486487 7.950592816614998 0.0 0.19454351498825892 0.0
6.516516516516517 8.174789667893107 0.0 0.16635888571335247 0.0
6.546546546546547 8.36300125480012 0.0 0.13659219160377956 0.0
6.576576576576576 8.51334138528058 0.0 0.10537097336792328 0.0
6.606606606606606 8.62408900770266 0.0 0.07283375287006137 0.0
6.636636636636636 8.693701969847606 0.0 0.03912970699849601 0.0
6.666666666666666 8.72082979202441 0.0 0.0044184046157135365 0.0
6.696696696696696 8.704325654096964 0.0 -0.031131443835102236 0.0
6.726726726726726 8.643257589592729 0.0 -0.06734278040289238 0.0
6.756756756756756 8.536918516883205 0.0 -0.10403068753609399 0.0
6.786786786786786 8.384835064624442 0.0 -0.14100349273132584 0.0
6.816816816816816 8.186775373878305 0.0 -0.1780639665089041 0.0
6.846846846846846 7.942755598566886 0.0 -0.21501015441059382 0.0
6.876876876876876 7.65304497235568 0.0 -0.25163639916036296 0.0
6.906906906906905 7.318169580215269 0.0 -0.2877347080033483 0.0
6.936936936936935 6.938914713758271 0.0 -0.3230957938646792 0.0
6.966966966966965 6.516325666473289 0.0 -0.3575102305158999 0.0
6.996996996996997 6.0517070801741895 0.0 -0.3907698365024403 0.0
7.027027027027027 5.546620782782888 0.0 -0.4226687928024554 0.0
7.057057057057057 5.002881982245217 0.0 -0.45300480677561816 0.0
7.087087087087086 4.422553973220211 0.0 -0.481580660430196 0.0
7.117117117117116 3.807941363204955 0.0 -0.5082052706027556 0.0
7.147147147147146 3.161581623349348 0.0 -0.5326947003163559 0.0
7.177177177177176 2.486235126132909 0.0 -0.5548737227538189 0.0
7.207207207207206 1.7848739043685817 0.0 -0.5745770543082033 0.0
7.237237237237236 1.0606688173586636 0.0 -0.5916500466560239 0.0
7.2672672672672665 0.3169752071385841 0.0 -0.6059498830657037 0.0
7.2972972972972965 -0.4426825261736407 0.0 -0.6173472208517784 0.0
7.3273273273273265 -1.2146275925818983 0.0 -0.6257265666757094 0.0
7.3573573573573565 -1.995048922904022 0.0 -0.6309869571031546 0.0
7.3873873873873865 -2.780020263224119 0.0 -0.6330435104782048 0.0
7.417417417417416 -3.565519969242985 0.0 -0.6318280785706588 0.0
7.4474474474474475 -4.3474520008910105 0.0 -0.6272892608448597 0.0
7.4774774774774775 -5.121667804174019 0.0 -0.6193932843811343 0.0
7.5075075075075075 -5.883988483986785 0.0 -0.6081252319733991 0.0
7.5375375375375375 -6.630227583867177 0.0 -0.5934885308716565 0.0
7.5675675675675675 -7.356214601475004 0.0 -0.575505066752312 0.0
7.597597597597598 -8.05781859122972 0.0 -0.5542162539130756 0.0
7.627627627627627 -8.730971613102508 0.0 -0.5296828225075171 0.0
7.657657657657657 -9.37169258011024 0.0 -0.5019840824324662 0.0
7.687687687687687 -9.976111026648773 0.0 -0.47121818992393927 0.0
7.717717717717717 -10.54049020213575 0.0 -0.43750253650246945 0.0
7.747747747747747 -11.061249884508058 0.0 -0.40097240941896295 0.0
7.777777777777777 -11.534988921370324 0.0 -0.3617804464098416 0.0
7.807807807807807 -11.958506840295712 0.0 -0.3200968485485071 0.0
7.837837837837837 -12.328824409020635 0.0 -0.2761082792093149 0.0
7.867867867867867 -12.643203587968165 0.0 -0.23001652217406449 0.0
7.897897897897897 -12.899166363638027 0.0 -0.18203798596774853 0.0
7.927927927927927 -13.09451204976395 0.0 -0.13240305962530197 0.0
7.957957957957958 -13.227333411981519 0.0 -0.08135426909805976 0.0
7.987987987987988 -13.29603149641986 0.0 -0.029145164552631282 0.0
8.018018018018017 -13.299328695993525 0.0 0.023960478091788254 0.0
8.048048048048047 -13.236280094303071 0.0 0.07769037809165266 0.0
8.078078078078077 -13.106283278946197 0.0 0.1317653625825156 0.0
8.108108108108107 -12.909086240488087 0.0 0.18590056466558813 0.0
8.138138138138137 -12.64479326451969 0.0 0.23980698157781397 0.0
8.168168168168167 -12.313869008184858 0.0 0.29319331203894733 0.0
8.198198198198197 -11.917140557349866 0.0 0.3457673715347901 0.0
8.228228228228227 -11.455797351908176 0.0 0.3972377644598978 0.0
8.258258258258257 -10.931389160383404 0.0 0.4473157279360387 0.0
8.288288288288287 -10.345821972654512 0.0 0.4957165768571555 0.0
8.318318318318317 -9.70135169536437 0.0 0.5421613328425449 0.0
8.348348348348347 -9.00057592564002 0.0 0.5863787788023721 0.0
8.378378378378377 -8.246423739113133 0.0 0.6281067396490961 0.0
8.408408408408409 -7.442143283094711 0.0 0.6670934264976787 0.0
8.438438438438439 -6.5912874815826745 0.0 0.7030995691789506 0.0
8.468468468468469 -5.697698107197994 0.0 0.7358998034033757 0.0
8.498498498498497 -4.765487788582512 0.0 0.7652835296773992 0.0
8.528528528528527 -3.799020176470448 0.0 0.791056550963747 0.0
8.558558558558557 -2.80288884934303 0.0 0.8130430221577786 0.0
8.588588588588587 -1.7818946193044158 0.0 0.8310857523753191 0.0
8.618618618618617 -0.7410211098879456 0.0 0.8450470971206808 0.0
8.648648648648647 0.314590727270606 0.0 0.8548109662072687 0.0
8.678678678678677 1.379668920510304 0.0 0.8602832769012544 0.0
8.708708708708707 2.448838227744187 0.0 0.8613919523485304 0.0
8.738738738738737 3.516648796664243 0.0 0.8580881070665791 0.0
8.768768768768767 4.5776050083569215 0.0 0.8503472878308151 0.0
8.798798798798797 5.6261950514588746 0.0 0.8381686427715739 0.0
8.828828828828827 6.6569212140884595 0.0 0.8215750836347565 0.0
8.858858858858857 7.66433004006243 0.0 0.8006145783042845 0.0
8.888888888888888 8.64304221594283 0.0 0.7753594581169262 0.0
8.91891891891892 9.587782816400377 0.0 0.7459055125619284 0.0
8.94894894894895 10.493411201591927 0.0 0.7123723555001179 0.0
8.97897897897898 11.354949902213376 0.0 0.6749035448215073 0.0
9.00900900900901 12.167613103764344 0.0 0.6336647929296114 0.0
9.039039039039038 12.926834567415117 0.0 0.588843310820819 0.0
9.069069069069068 13.628294188963494 0.0 0.5406479678682593 0.0
9.099099099099098 14.267943210039144 0.0 0.4893075928256416 0.0
9.129129129129128 14.84202853845345 0.0 0.4350693749123094 0.0
9.159159159159158 15.347115496084717 0.0 0.37819825167708776 0.0
9.189189189189188 15.780108588646046 0.0 0.31897582613762676 0.0
9.219219219219218 16.13827079299574 0.0 0.25769808561597235 0.0
9.249249249249248 16.419241099535974 0.0 0.19467406451335553 0.0
9.279279279279278 16.62104980435985 0.0 0.1302247643693492 0.0
9.309309309309308 16.742131701315916 0.0 0.06468091462619714 0.0
9.339339339339338 16.78133732843395 0.0 -0.0016189077833794092 0.0
9.36936936936937 16.73794182095396 0.0 -0.06832975989704096 0.0
9.3993993993994 16.61165134565935 0.0 -0.1351023287076809 0.0
9.42942942942943 16.402607334188033 0.0 -0.20158507307940993 0.0
9.45945945945946 16.111388247170296 0.0 -0.26742590868216304 0.0
9.48948948948949 15.739008818240404 0.0 -0.33227427549922867 0.0
9.51951951951952 15.286917000369927 0.0 -0.39578325720934415 0.0
9.549549549549548 14.75698842510996 0.0 -0.45761124063237396 0.0
9.579579579579578 14.151518313105939 0.0 -0.5174239050232582 0.0
9.609609609609608 13.473211199957484 0.0 -0.5748965498841013 0.0
9.639639639639638 12.725168327080281 0.0 -0.629715485596639 0.0
9.669669669669668 11.910872529507119 0.0 -0.6815796224540664 0.0
9.699699699699698 11.034171055699629 0.0 -0.7302029736893322 0.0
9.729729729729728 10.099256522152757 0.0 -0.7753160021290353 0.0
9.759759759759758 9.110645530919264 0.0 -0.8166666061648863 0.0
9.789789789789788 8.073155318040026 0.0 -0.8540220939624888 0.0
9.819819819819818 6.991879079298896 0.0 -0.8871711450112006 0.0
9.849849849849848 5.872159471351946 0.0 -0.9159240381974706 0.0
9.87987987987988 4.719560298471988 0.0 -0.9401137128938194 0.0
9.90990990990991 3.539837194064421 0.0 -0.9595980092713738 0.0
9.93993993993994 2.3389073949681864 0.0 -0.9742598031072652 0.0
9.96996996996997 1.122817998019525 0.0 -0.984007043971065 0.0
10.0 -0.10228658869137273 0.0 -0.9887741729973943 0.0
10.03003003003003 -1.3301972611502861 0.0 -0.9885231202894817 0.0
10.06006006006006 -2.5546736300524455 0.0 -0.9832422849240253 0.0
10.090090090090088 -3.769478019173576 0.0 -0.9729467695737787 0.0
10.120120120120118 -4.968409093550937 0.0 -0.957679717541112 0.0
10.150150150150148 -6.14533516932328 0.0 -0.9375111550365894 0.0
10.180180180180178 -7.294227774371114 0.0 -0.9125370641085003 0.0
10.210210210210208 -8.409194596560866 0.0 -0.8828798387471471 0.0
10.240240240240238 -9.484511202794058 0.0 -0.8486880096770656 0.0
10.270270270270268 -10.514652283998606 0.0 -0.8101342457017501 0.0
10.300300300300298 -11.494322073176713 0.0 -0.7674146835866011 0.0
10.33033033033033 -12.418483102580797 0.0 -0.7207489711154257 0.0
10.36036036036036 -13.282383488163502 0.0 -0.6703781289347489 0.0
10.39039039039039 -14.081583109322219 0.0 -0.6165629035524276 0.0
10.42042042042042 -14.81197791671634 0.0 -0.5595831131076748 0.0
10.45045045045045 -15.469822046035848 0.0 -0.49973618005994497 0.0
10.48048048048048 -16.051748302121194 0.0 -0.43733470197863455 0.0
10.51051051051051 -16.55478662482118 0.0 -0.3727050442603101 0.0
10.54054054054054 -16.976380065395947 0.0 -0.3061860688575045 0.0
10.57057057057057 -17.314398528945333 0.0 -0.23812663131403425 0.0
10.6006006006006 -17.567150358498022 0.0 -0.16888365349452517 0.0
10.630630630630629 -17.73339131522226 0.0 -0.09882051622539148 0.0
10.660660660660659 -17.812331007210705 0.0 -0.02830484600091225 0.0
10.690690690690689 -17.803636972835214 0.0 0.04229367662023248 0.0
10.720720720720719 -17.707436126348377 0.0 0.11260509192560543 0.0
10.750750750750749 -17.524313590285324 0.0 0.1822613867142757 0.0
10.780780780780779 -17.255309137621992 0.0 0.2508986288334201 0.0
10.810810810810809 -16.901911028577885 0.0 0.31815866357122163 0.0
10.84084084084084 -16.466047253349018 0.0 0.3836912495914585 0.0
10.87087087087087 -15.950074573788468 0.0 0.4471563459585118 0.0
10.9009009009009 -15.356765146054206 0.0 0.5082254708573681 0.0
10.93093093093093 -14.689290637393825 0.0 0.5665833740239896 0.0
10.96096096096096 -13.951204345197016 0.0 0.6219305818465471 0.0
10.99099099099099 -13.146421415044244 0.0 0.6739845366494697 0.0
11.02102102102102 -12.279196740085297 0.0 0.7224806211280135 0.0
11.05105105105105 -11.354101011757509 0.0 0.7671742478785022 0.0
11.08108108108108 -10.375995522656691 0.0 0.8078425325141702 0.0
11.11111111111111 -9.350005137758021 0.0 0.8442844662722577 0.0
11.141141141141139 -8.281489599464313 0.0 0.8763220452912358 0.0
11.171171171171169 -7.176014005847926 0.0 0.9038024139933218 0.0
11.201201201201199 -6.039318381046616 0.0 0.9265976797588822 0.0
11.231231231231229 -4.8772858587847265 0.0 0.9446050140054982 0.0
11.261261261261259 -3.695910274527376 0.0 0.9577481319142459 0.0
11.29129129129129 -2.501263788611115 0.0 0.9659778625094262 0.0
11.32132132132132 -1.2994637558845819 0.0 0.9692711194197007 0.0
11.35135135135135 -0.0966392244578186 0.0 0.9676311970638445 0.0
11.381381381381381 1.1011020108137817 0.0 0.9610889191657518 0.0
11.411411411411411 2.2877060468108144 0.0 0.9497011947480155 0.0
11.441441441441441 3.457205597048341 0.0 0.9335501982595323 0.0
11.471471471471471 4.603751910491597 0.0 0.912743847320721 0.0
11.501501501501501 5.721645420474203 0.0 0.8874151275020281 0.0
11.531531531531531 6.805365886615806 0.0 0.8577201781685515 0.0
11.561561561561561 7.849601539245399 0.0 0.8238376942862833 0.0
11.591591591591591 8.849276477336819 0.0 0.7859687882335141 0.0
11.621621621621621 9.79957665794149 0.0 0.7443347230624603 0.0
11.651651651651651 10.695974682444803 0.0 0.699175419670516 0.0
11.68168168168168 11.534252644855902 0.0 0.6507488216597836 0.0
11.71171171171171 12.310522856289438 0.0 0.5993292156178905 0.0
11.74174174174174 13.021246974836433 0.0 0.5452049808645901 0.0
11.77177177177177 13.663253092093187 0.0 0.48867727697663177 0.0
11.801801801801801 14.233750406563749 0.0 0.4300587076719935 0.0
11.831831831831831 14.73034180085536 0.0 0.36967089887337873 0.0
11.861861861861861 15.15103430461074 0.0 0.30784275037810993 0.0
11.891891891891891 15.494247070497918 0.0 0.24490888615259662 0.0
11.921921921921921 15.758816982197358 0.0 0.18120750869691382 0.0
11.951951951951951 15.944002050836225 0.0 0.11707842966651115 0.0
11.981981981981981 16.049482334694375 0.0 0.05286140955497751 0.0
12.012012012012011 16.0753584763845 0.0 -0.011105944649800394 0.0
12.042042042042041 16.022148041833457 0.0 -0.07449006332639455 0.0
12.072072072072071 15.890779459026952 0.0 -0.13696295143566206 0.0
12.102102102102101 15.682583640143106 0.0 -0.19820420712210263 0.0
12.132132132132131 15.399283644218219 0.0 -0.2579029733790982 0.0
12.162162162162161 15.042982137097429 0.0 -0.3157591175778716 0.0
12.19219219219219 14.616146654272121 0.0 -0.3714847925738929 0.0
12.22222222222222 14.121593172054158 0.0 -0.4248066711140117 0.0
12.252252252252251 13.562467967637643 0.0 -0.47546677988093594 0.0
12.282282282282281 12.942227473903072 0.0 -0.5232234387144591 0.0
12.312312312312311 12.26461662791984 0.0 -0.5678531873941516 0.0
12.342342342342342 11.533646177200069 0.0 -0.6091519706790036 0.0
12.372372372372372 10.753568389380488 0.0 -0.6469352635463117 0.0
12.402402402402402 9.928851445134491 0.0 -0.6810391303977661 0.0
12.432432432432432 9.06415326338001 0.0 -0.711321951868489 0.0
12.462462462462462 8.164294530769864 0.0 -0.7376640231436601 0.0
12.492492492492492 7.2342306571435975 0.0 -0.7599676889168493 0.0
12.522522522522522 6.2790234119559 0.0 -0.7781586649020497 0.0
12.552552552552552 5.303812663329093 0.0 -0.7921861437310733 0.0
12.582582582582582 4.313787526667121 0.0 -0.8020219051762503 0.0
12.612612612612612 3.314157394676508 0.0 -0.8076606232701762 0.0
12.642642642642642 2.310123615007322 0.0 -0.8091206308330127 0.0
12.672672672672672 1.306851443723383 0.0 -0.8064424613354587 0.0
12.702702702702702 0.3094420982894712 0.0 -0.7996881996830868 0.0
12.73273273273273 -0.6770943042997533 0.0 -0.7889418758218254 0.0
12.76276276276276 -1.6478646641262538 0.0 -0.7743085226726245 0.0
12.79279279279279 -2.5981183010954636 0.0 -0.7559125833837435 0.0
12.82282282282282 -3.523271321414492 0.0 -0.733897429971846 0.0
12.85285285285285 -4.418929379272401 0.0 -0.708425020776633 0.0
12.88288288288288 -5.280909235829423 0.0 -0.6796738577831973 0.0
12.91291291291291 -6.1052591514559165 0.0 -0.6478377801381668 0.0
12.94294294294294 -6.888277516724976 0.0 -0.6131253808794567 0.0
12.972972972972974 -7.62652967853808 0.0 -0.5757583633929108 0.0
13.003003003003004 -8.316863363489073 0.0 -0.5359697241267685 0.0
13.033033033033034 -8.956422280951774 0.0 -0.4940026590852695 0.0
13.063063063063064 -9.542657675896569 0.0 -0.4501093028446649 0.0
13.093093093093094 -10.073338139342265 0.0 -0.4045487096953775 0.0
13.123123123123122 -10.546557587973982 0.0 -0.3575854479476643 0.0
13.153153153153152 -10.960741162342018 0.0 -0.30948826423457154 0.0
13.183183183183182 -11.314649197456728 0.0 -0.26052827462233225 0.0
13.213213213213212 -11.607379350407276 0.0 -0.2109774218131559 0.0
13.243243243243242 -11.838366692657761 0.0 -0.16110709819186741 0.0
13.273273273273272 -12.007381906912473 0.0 -0.11118640866943387 0.0
13.303303303303302 -12.114527707823584 0.0 -0.061480733341495536 0.0
13.333333333333332 -12.160233330683559 0.0 -0.012250504812173088 0.0
13.363363363363362 -12.14524722457402 0.0 0.03625046186000639 0.0
13.393393393393392 -12.070628223190361 0.0 0.08377639510954418 0.0
13.423423423423422 -11.93773497079848 0.0 0.1300904556078991 0.0
13.453453453453452 -11.748213684548004 0.0 0.17496601515107918 0.0
13.483483483483482 -11.503984685097707 0.0 0.21818832615302677 0.0
13.513513513513512 -11.207227592311785 0.0 0.25955502937019814 0.0
13.543543543543542 -10.860365034681212 0.0 0.29887689311182364 0.0
13.573573573573572 -10.466045324547393 0.0 0.3359793377347791 0.0
13.603603603603602 -10.027124387301113 0.0 0.3707030878212367 0.0
13.633633633633632 -9.546646511189818 0.0 0.40290424102319466 0.0
13.663663663663662 -9.027824236512144 0.0 0.4324551228278332 0.0
13.693693693693692 -8.474017954521123 0.0 0.45924541498586996 0.0
13.723723723723722 -7.888714926559186 0.0 0.4831816794767738 0.0
13.753753753753752 -7.2755076350980765 0.0 0.5041874705431025 0.0
13.78378378378378 -6.638072078331498 0.0 0.5222043134661543 0.0
13.81381381381381 -5.980146217912504 0.0 0.5371914577945738 0.0
13.84384384384384 -5.3055080807043 0.0 0.5491251992838275 0.0
13.87387387387387 -4.617953965299815 0.0 0.5579991254653774 0.0
13.9039039039039 -3.9212772855916844 0.0 0.5638244365749607 0.0
13.93393393393393 -3.219247668251444 0.0 0.5666287154653201 0.0
13.963963963963964 -2.515590304042647 0.0 0.566455450514743 0.0
13.993993993993994 -1.8139661368339126 0.0 0.5633642567087355 0.0
14.024024024024024 -1.1179529677948605 0.0 0.5574298869945856 0.0
14.054054054054054 -0.4310270554201208 0.0 0.548741074168072 0.0
14.084084084084084 0.24345434476730327 0.0 0.5374001628661675 0.0
14.114114114114114 0.9022691509528152 0.0 0.5235226243487012 0.0
14.144144144144144 1.5423456959474433 0.0 0.5072354922640426 0.0
14.174174174174173 2.160776963276085 0.0 0.48867648824781945 0.0
14.204204204204203 2.7548334227587286 0.0 0.4679935063743169 0.0
14.234234234234233 3.3219745217403323 0.0 0.44534324866574004 0.0
14.264264264264263 3.859859068465192 0.0 0.4208899523320035 0.0
14.294294294294293 4.366354198005357 0.0 0.3948045701102001 0.0
14.324324324324323 4.839542826427587 0.0 0.36726372022800624 0.0
14.354354354354353 5.277729826228776 0.0 0.3384482568301516 0.0
14.384384384384383 5.679446814614993 0.0 0.3085422753920214 0.0
14.414414414414413 6.043455435786915 0.0 0.2777320869625322 0.0
14.444444444444443 6.368749283701265 0.0 0.24620492035195315 0.0
14.474474474474473 6.654554483087035 0.0 0.21414788578603805 0.0
14.504504504504503 6.900328830862979 0.0 0.18174697146229402 0.0
14.534534534534533 7.105759648203546 0.0 0.1491858102353204 0.0
14.564564564564563 7.2707603916112955 0.0 0.11664476093342958 0.0
14.594594594594593 7.395465931746874 0.0 0.0843000703948983 0.0
14.624624624624623 7.480226656284787 0.0 0.052322683114786266 0.0
14.654654654654653 7.525601566840349 0.0 0.020877385031941937 0.0
14.684684684684683 7.532350201388064 0.0 -0.009877755555888768 0.0
14.714714714714713 7.501423503758509 0.0 -0.039792286597477265 0.0
14.744744744744743 7.433953954246162 0.0 -0.068724400294574 0.0
14.774774774774773 7.331244827238204 0.0 -0.0965411558814985 0.0
14.804804804804803 7.194758540468376 0.0 -0.12311896100469133 0.0
14.834834834834831 7.0261044459818915 0.0 -0.14834457537326276 0.0
14.864864864864861 6.827026192785369 0.0 -0.17211532654248682 0.0
14.894894894894895 6.599388386738535 0.0 -0.19433911402520046 0.0
14.924924924924925 6.34516283035958 0.0 -0.21493497679275597 0.0
14.954954954954955 6.066414703832214 0.0 -0.23383364100380322 0.0
14.984984984984985 5.765288427416551 0.0 -0.25097708344873865 0.0
15.015015015015015 5.443993238441686 0.0 -0.26631857949817367 0.0
15.045045045045045 5.1047888998749835 0.0 -0.279823266713448 0.0
15.075075075075075 4.749971591461009 0.0 -0.29146773899033424 0.0
15.105105105105105 4.381859699836074 0.0 -0.3012395807621128 0.0
15.135135135135135 4.0027798512188 0.0 -0.30913749632032395 0.0
15.165165165165165 3.61505348342708 0.0 -0.3151712866546003 0.0
15.195195195195195 3.2209836602700226 0.0 -0.3193609722790524 0.0
15.225225225225223 2.822842214248847 0.0 -0.32173645983688676 0.0
15.255255255255253 2.422857572851495 0.0 -0.32233757314977507 0.0
15.285285285285283 2.0232032360921104 0.0 -0.32121323026938 0.0
15.315315315315313 1.6259866936001106 0.0 -0.3184207086748259 0.0
15.345345345345343 1.23323907901351 0.0 -0.3140253648077411 0.0
15.375375375375373 0.8469057200913445 0.0 -0.30810013733168823 0.0
15.405405405405403 0.46883734004741123 0.0 -0.30072454133731114 0.0
15.435435435435434 0.10078201315133287 0.0 -0.2919841028225319 0.0
15.465465465465464 -0.255621923214097 0.0 -0.28196993227475264 0.0
15.495495495495494 -0.5988520894369372 0.0 -0.2707777879775891 0.0
15.525525525525524 -0.9275075135459722 0.0 -0.2585073151806832 0.0
15.555555555555554 -1.240313137883841 0.0 -0.24526149466113054 0.0
15.585585585585584 -1.5361233819008075 0.0 -0.23114590073522512 0.0
15.615615615615614 -1.8139248903596692 0.0 -0.21626786722351357 0.0
15.645645645645644 -2.0728383867232916 0.0 -0.20073588045841403 0.0
15.675675675675674 -2.312119614505073 0.0 -0.1846588928457382 0.0
15.705705705705704 -2.5311594703811537 0.0 -0.16814556700243843 0.0
15.735735735735734 -2.7294833090733888 0.0 -0.15130369866779547 0.0
15.765765765765764 -2.906749404722829 0.0 -0.13423958899659152 0.0
15.795795795795794 -3.0627466941033696 0.0 -0.11705732533481902 0.0
15.825825825825824 -3.1973917959857583 0.0 -0.0998583211182476 0.0
15.855855855855854 -3.3107252777365277 0.0 -0.08274083924114307 0.0
15.885885885885886 -3.4029073086020944 0.0 -0.06579928828670357 0.0
15.915915915915916 -3.4742127769344564 0.0 -0.04912384255215214 0.0
15.945945945945946 -3.5250257695085594 0.0 -0.03280017091614418 0.0
15.975975975975976 -3.5558335341014096 0.0 -0.01690891918726822 0.0
16.006006006006004 -3.5672201129020595 0.0 -0.0015252299867625672 0.0
16.036036036036034 -3.559859529631097 0.0 0.013281283556614532 0.0
16.066066066066064 -3.534508559987309 0.0 0.0274467773957086 0.0
16.096096096096094 -3.4919993113476795 0.0 0.04091369041444583 0.0
16.126126126126124 -3.4332316378857795 0.0 0.05363069943517037 0.0
16.156156156156154 -3.3591652580222893 0.0 0.06555267003033256 0.0
16.186186186186184 -3.2708117732150996 0.0 0.0766409395135821 0.0
16.216216216216214 -3.1692267679648474 0.0 0.08686345439348572 0.0
16.246246246246244 -3.055501815706518 0.0 0.09619443939108503 0.0
16.276276276276274 -2.93075646391 0.0 0.10461437887001664 0.0
16.306306306306304 -2.7961304273873497 0.0 0.1121102269981507 0.0
16.336336336336334 -2.652775963136091 0.0 0.11867502750957996 0.0
16.366366366366364 -2.5018503098072165 0.0 0.12430762297874173 0.0
16.396396396396394 -2.3445083959298643 0.0 0.12901266763453187 0.0
16.426426426426424 -2.181895936402131 0.0 0.13280044611282144 0.0
16.456456456456454 -2.0151427453261026 0.0 0.13568635143841057 0.0
16.486486486486484 -1.8453563530078179 0.0 0.13769066466486457 0.0
16.516516516516514 -1.6736160908509388 0.0 0.1388384608133781 0.0
16.546546546546544 -1.5009675826779696 0.0 0.1391590709310404 0.0
16.576576576576574 -1.3284175716348732 0.0 0.1386856819304826 0.0
16.606606606606604 -1.1569292303067809 0.0 0.13745512905959878 0.0
16.636636636636634 -0.9874179911255654 0.0 0.13550751757136087 0.0
16.666666666666664 -0.8207477778059864 0.0 0.13288569930944855 0.0
16.696696696696694 -0.6577277088324572 0.0 0.12963495439776712 0.0
16.726726726726724 -0.4991093368720694 0.0 0.1258026860700485 0.0
16.756756756756754 -0.3455843557729962 0.0 0.12143791885603612 0.0
16.786786786786784 -0.19778275753208596 0.0 0.11659092558140471 0.0
16.816816816816818 -0.056271497567062005 0.0 0.11131290518910711 0.0
16.846846846846848 0.07844636782071789 0.0 0.10565556900467284 0.0
16.876876876876878 0.20593211485777135 0.0 0.09967076700122451 0.0
16.906906906906908 0.32581132403537777 0.0 0.09341018339456617 0.0
16.936936936936938 0.43777342249225526 0.0 0.08692496043724098 0.0
16.966966966966968 0.5415708464682876 0.0 0.08026537776157097 0.0
16.996996996996995 0.6370178000904054 0.0 0.07348060623770078 0.0
17.027027027027025 0.7239886399544384 0.0 0.06661839044774491 0.0
17.057057057057055 0.8024159641855493 0.0 0.05972474001763583 0.0
17.087087087087085 0.872288377612905 0.0 0.05284377947539687 0.0
17.117117117117115 0.933647944313421 0.0 0.04601754243985808 0.0
17.147147147147145 0.9865874229911391 0.0 0.03928565732573727 0.0
17.177177177177175 1.0312473012852454 0.0 0.03268526628037382 0.0
17.207207207207205 1.0678125855294291 0.0 0.026250946268355606 0.0
17.237237237237235 1.0965094343025024 0.0 0.02001448952001836 0.0
17.267267267267265 1.117601720080581 0.0 0.014004776043585299 0.0
17.297297297297295 1.1313874450326449 0.0 0.008247836873791218 0.0
17.327327327327325 1.138195055246432 0.0 0.00276678383303144 0.0
17.357357357357355 1.138379766451154 0.0 -0.0024183590960211794 0.0
17.387387387387385 1.1323198843495055 0.0 -0.007290527561397414 0.0
17.417417417417415 1.1204130774566647 0.0 -0.011835547306571836 0.0
17.447447447447445 1.1030727081532796 0.0 -0.016042212838780674 0.0
17.477477477477475 1.0807242826272576 0.0 -0.019902234964995116 0.0
17.507507507507505 1.0538019341804536 0.0 -0.023410037263456945 0.0
17.537537537537535 1.0227449965941322 0.0 -0.026562703265969222 0.0
17.567567567567565 0.9879947579155488 0.0 -0.02935998250390242 0.0
17.597597597597595 0.9499913571198288 0.0 -0.03180404400265265 0.0
17.627627627627625 0.9091707962860073 0.0 -0.033899317582329655 0.0
17.657657657657655 0.8659621536422667 0.0 -0.035652442765324664 0.0
17.687687687687685 0.820785021128151 0.0 -0.03707209839017916 0.0
17.717717717717715 0.7740470986044332 0.0 -0.03816875766362326 0.0
17.747747747747745 0.7261419923966519 0.0 -0.03895455995499651 0.0
17.777777777777775 0.6774472630711184 0.0 -0.039443195514013346 0.0
17.80780780780781 0.6283226816638791 0.0 -0.03964964902303127 0.0
17.83783783783784 0.579108685043129 0.0 -0.039590023866271085 0.0
17.86786786786787 0.5301250733892757 0.0 -0.03928141145733594 0.0
17.8978978978979 0.48166993957450355 0.0 -0.038741690917498614 0.0
17.92792792792793 0.4340187960874969 0.0 -0.03798932960337804 0.0
17.95795795795796 0.3874239239694043 0.0 -0.03704323940645771 0.0
17.98798798798799 0.34211394158880165 0.0 -0.03592261232441205 0.0
18.01801801801802 0.29829356421165043 0.0 -0.03464673929518708 0.0
18.048048048048045 0.2561435585014306 0.0 -0.03323487644712488 0.0
18.078078078078075 0.21582089027134968 0.0 -0.031706098819460904 0.0
18.108108108108105 0.17745903566400395 0.0 -0.03007914695374473 0.0
18.138138138138135 0.14116845543784848 0.0 -0.02837232232368264 0.0
18.168168168168165 0.10703723056575527 0.0 -0.026603377938103554 0.0
18.198198198198195 0.07513182481249356 0.0 -0.024789375288144237 0.0
18.228228228228225 0.04549796434129952 0.0 -0.022946616645415807 0.0
18.258258258258255 0.018161644044424913 0.0 -0.021090583165802354 0.0
18.288288288288285 -0.006869772132472636 0.0 -0.019235825829113973 0.0
18.318318318318315 -0.029606389146716146 0.0 -0.0173958994365119 0.0
18.348348348348345 -0.05007453431777553 0.0 -0.015583357783899299 0.0
18.378378378378375 -0.06831544721347081 0.0 -0.013809704022269791 0.0
18.408408408408405 -0.08438395052612466 0.0 -0.012085312853765883 0.0
18.438438438438435 -0.09834709419888892 0.0 -0.010419465442205263 0.0
18.468468468468465 -0.11028276431235433 0.0 -0.008820357414988855 0.0
18.498498498498495 -0.12027829974629195 0.0 -0.007295052890786804 0.0
18.528528528528525 -0.12842913851170693 0.0 -0.005849503821945279 0.0
18.558558558558556 -0.1348374632512096 0.0 -0.0044886150119409236 0.0
18.588588588588586 -0.13961087343674092 0.0 -0.0032162525455005277 0.0
18.618618618618616 -0.14286111992224315 0.0 -0.0020352389189306794 0.0
18.648648648648646 -0.1447028840465708 0.0 -0.0009474468505320377 0.0
18.678678678678676 -0.1452525971651788 0.0 4.614778599534871e-05 0.0
18.708708708708706 -0.14462733539280598 0.0 0.0009454525950278835 0.0
18.73873873873874 -0.14294379625979706 0.0 0.0017511872224082736 0.0
18.76876876876877 -0.14031733208173808 0.0 0.0024647934871715868 0.0
18.7987987987988 -0.13686106226486064 0.0 0.0030883903194420755 0.0
18.82882882882883 -0.1326850813241321 0.0 0.0036247277487042764 0.0
18.85885885885886 -0.12789574412127508 0.0 0.004077086285114149 0.0
18.88888888888889 -0.12259502812205812 0.0 0.004449212222056217 0.0
18.91891891891892 -0.11687998929991483 0.0 0.004745269373095991 0.0
18.94894894894895 -0.11084230594770772 0.0 0.004969759118152303 0.0
18.97897897897898 -0.10456789714080642 0.0 0.0051274455804526786 0.0
19.00900900900901 -0.09813662603705248 0.0 0.005223302258793409 0.0
19.03903903903904 -0.09162208632266207 0.0 0.0052624503419030355 0.0
19.06906906906907 -0.08509145960141531 0.0 0.0052500900490127745 0.0
19.099099099099096 -0.07860544509499921 0.0 0.0051914513519331585 0.0
19.129129129129126 -0.072218260262101 0.0 0.005091741160674616 0.0
19.159159159159156 -0.06597770107937666 0.0 0.004956088730182074 0.0
19.189189189189186 -0.059925260512226984 0.0 0.00478950750855041 0.0
19.219219219219216 -0.054096303260367073 0.0 0.0045968562466977714 0.0
19.249249249249246 -0.04852028420983718 0.0 0.004382792128927232 0.0
19.279279279279276 -0.043221007096883576 0.0 0.004151748383948932 0.0
19.309309309309306 -0.038216924134451234 0.0 0.0039079131786423195 0.0
19.339339339339336 -0.03352146445380774 0.0 0.003655194864675029 0.0
19.369369369369366 -0.029143381485229485 0.0 0.0033972057521508767 0.0
19.399399399399396 -0.025087125028136956 0.0 0.0031372611745362853 0.0
19.429429429429426 -0.021353228943519917 0.0 0.0028783649903338523 0.0
19.459459459459456 -0.017938700495926427 0.0 0.002623191847349215 0.0
19.489489489489486 -0.014837414721921266 0.0 0.002374102371916269 0.0
19.519519519519516 -0.012040513202322906 0.0 0.0021331477936356777 0.0
19.549549549549546 -0.009536793603614847 0.0 0.0019020609628239726 0.0
19.579579579579576 -0.007313085372123549 0.0 0.001682271062092562 0.0
19.609609609609606 -0.005354619020542629 0.0 0.0014749255439489505 0.0
19.639639639639636 -0.003645379279477585 0.0 0.0012808966887685243 0.0
19.669669669669666 -0.002168433442025303 0.0 0.0011007896142268886 0.0
19.699699699699696 -0.0009062411201770371 0.0 0.0009349738653402824 0.0
19.72972972972973 0.00015905591021827566 0.0 0.0007836016399171935 0.0
19.75975975975976 0.0010453722589438314 0.0 0.0006466183541095451 0.0
19.78978978978979 0.0017704451529234027 0.0 0.0005237896965193481 0.0
19.81981981981982 0.002351623029444873 0.0 0.0004147277543887826 0.0
19.84984984984985 0.002805682206829585 0.0 0.000318907304460835 0.0
19.87987987987988 0.003148673199460464 0.0 0.00023568534199992742 0.0
19.90990990990991 0.0033957913772077936 0.0 0.00016432841248804043 0.0
19.93993993993994 0.0035612728102497166 0.0 0.00010403072645941418 0.0
19.96996996996997 0.0036583168261114197 0.0 5.3931093421017744e-05 0.0
20.0 0.003699031770724697 0.0 1.3134510041648801e-05 0.0
20.03003003003003 0.0036944018787462628 0.0 -1.9271082813942206e-05 0.0
20.06006006006006 0.003654275815234715 0.0 -4.420061516331193e-05 0.0
20.09009009009009 0.0035873737066644444 0.0 -6.255567765350788e-05 0.0
20.12012012012012 0.0035013101566402126 0.0 -7.521238786089882e-05 0.0
20.15015015015015 0.0034026329557199577 0.0 -8.30120047056501e-05 0.0
20.180180180180177 0.0032968744083173656 0.0 -8.674923758037985e-05 0.0
20.210210210210207 0.003188611993564532 0.0 -8.716469736254985e-05 0.0
20.240240240240237 0.003081538555058209 0.0 -8.494139805645913e-05 0.0
20.270270270270267 0.0029785393677749855 0.0 -8.069916093655977e-05 0.0
20.300300300300297 0.002881772100302618 0.0 -7.498928786453558e-05 0.0
20.330330330330327 0.0027927497463539944 0.0 -6.829674721635453e-05 0.0
20.360360360360357 0.0027124254411570272 0.0 -6.104047006369568e-05 0.0
20.390390390390387 0.002641275419413058 0.0 -5.3571307238125274e-05 0.0
20.420420420420417 0.002579378819167037 0.0 -4.617626983866097e-05 0.0
20.450450450450447 0.00252649527493475 0.0 -3.90837867110966e-05 0.0
20.480480480480477 0.0024821374971389816 0.0 -3.24660214146778e-05 0.0
20.510510510510507 0.002445636915174671 0.0 -2.6442703994163704e-05 0.0
20.540540540540537 0.0024162036489447977 0.0 -2.1089294387276828e-05 0.0
20.570570570570567 0.002392979894685167 0.0 -1.6442119040545063e-05 0.0
20.600600600600597 0.0023750851026125477 0.0 -1.250275737928662e-05 0.0
20.630630630630627 0.0023616535691817833 0.0 -9.245626961073966e-06 0.0
20.66066066066066 0.0023518651713634237 0.0 -6.6242560921861006e-06 0.0
20.69069069069069 0.002344968332112723 0.0 -4.576107282957279e-06 0.0
20.72072072072072 0.002340295760659658 0.0 -3.0283400180606115e-06 0.0
20.75075075075075 0.0023372741083593517 0.0 -1.903309903880852e-06 0.0
20.78078078078078 0.0023354275550005583 0.0 -1.1224295180757554e-06 0.0
20.81081081081081 0.00233437605909772 0.0 -6.102858664741236e-07 0.0
20.84084084084084 0.0023338295736377306 0.0 -2.9797945388100643e-07 0.0
20.87087087087087 0.002333578629242747 0.0 -1.2514396898245768e-07 0.0
20.9009009009009 0.0023334820600946216 0.0 -4.179826043234686e-08 0.0
20.93093093093093 0.0023334539846513722 0.0 -9.123753687700149e-09 0.0
20.96096096096096 0.002333449326632644 0.0 -1.0584808059702916e-09 0.0
20.99099099099099 0.002333448073725473 0.0 -9.258708277599444e-10 0.0
21.02102102102102 0.0 0.0 0.0 0.0
21.05105105105105 0.0 0.0 0.0 0.0
21.08108108108108 0.0 0.0 0.0 0.0
21.11111111111111 0.0 0.0 0.0 0.0
21.14114114114114 0.0 0.0 0.0 0.0
21.17117117117117 0.0 0.0 0.0 0.0
21.2012012012012 0.0 0.0 0.0 0.0
21.231231231231227 0.0 0.0 0.0 0.0
21.261261261261257 0.0 0.0 0.0 0.0
21.291291291291287 0.0 0.0 0.0 0.0
21.321321321321317 0.0 0.0 0.0 0.0
21.351351351351347 0.0 0.0 0.0 0.0
21.381381381381377 0.0 0.0 0.0 0.0
21.411411411411407 0.0 0.0 0.0 0.0
21.441441441441437 0.0 0.0 0.0 0.0
21.471471471471467 0.0 0.0 0.0 0.0
21.501501501501497 0.0 0.0 0.0 0.0
21.531531531531527 0.0 0.0 0.0 0.0
21.561561561561557 0.0 0.0 0.0 0.0
21.591591591591587 0.0 0.0 0.0 0.0
21.621621621621617 0.0 0.0 0.0 0.0
21.65165165165165 0.0 0.0 0.0 0.0
21.68168168168168 0.0 0.0 0.0 0.0
21.71171171171171 0.0 0.0 0.0 0.0
21.74174174174174 0.0 0.0 0.0 0.0
21.77177177177177 0.0 0.0 0.0 0.0
21.8018018018018 0.0 0.0 0.0 0.0
21.83183183183183 0.0 0.0 0.0 0.0
21.86186186186186 0.0 0.0 0.0 0.0
21.89189189189189 0.0 0.0 0.0 0.0
21.92192192192192 0.0 0.0 0.0 0.0
21.95195195195195 0.0 0.0 0.0 0.0
21.98198198198198 0.0 0.0 0.0 0.0
22.01201201201201 0.0 0.0 0.0 0.0
22.04204204204204 0.0 0.0 0.0 0.0
22.07207207207207 0.0 0.0 0.0 0.0
22.1021021021021 0.0 0.0 0.0 0.0
22.13213213213213 0.0 0.0 0.0 0.0
22.16216216216216 0.0 0.0 0.0 0.0
22.19219219219219 0.0 0.0 0.0 0.0
22.22222222222222 0.0 0.0 0.0 0.0
22.25225225225225 0.0 0.0 0.0 0.0
22.282282282282278 0.0 0.0 0.0 0.0
22.312312312312308 0.0 0.0 0.0 0.0
22.342342342342338 0.0 0.0 0.0 0.0
22.372372372372368 0.0 0.0 0.0 0.0
22.402402402402398 0.0 0.0 0.0 0.0
22.432432432432428 0.0 0.0 0.0 0.0
22.462462462462458 0.0 0.0 0.0 0.0
22.492492492492488 0.0 0.0 0.0 0.0
22.522522522522518 0.0 0.0 0.0 0.0
22.552552552552548 0.0 0.0 0.0 0.0
22.58258258258258 0.0 0.0 0.0 0.0
22.61261261261261 0.0 0.0 0.0 0.0
22.64264264264264 0.0 0.0 0.0 0.0
22.67267267267267 0.0 0.0 0.0 0.0
22.7027027027027 0.0 0.0 0.0 0.0
22.73273273273273 0.0 0.0 0.0 0.0
22.762762762762762 0.0 0.0 0.0 0.0
22.792792792792792 0.0 0.0 0.0 0.0
22.822822822822822 0.0 0.0 0.0 0.0
22.852852852852852 0.0 0.0 0.0 0.0
22.882882882882882 0.0 0.0 0.0 0.0
22.912912912912912 0.0 0.0 0.0 0.0
22.942942942942942 0.0 0.0 0.0 0.0
22.972972972972972 0.0 0.0 0.0 0.0
23.003003003003002 0.0 0.0 0.0 0.0
23.033033033033032 0.0 0.0 0.0 0.0
23.063063063063062 0.0 0.0 0.0 0.0
23.093093093093092 0.0 0.0 0.0 0.0
23.123123123123122 0.0 0.0 0.0 0.0
23.153153153153152 0.0 0.0 0.0 0.0
23.183183183183182 0.0 0.0 0.0 0.0
23.213213213213212 0.0 0.0 0.0 0.0
23.243243243243242 0.0 0.0 0.0 0.0
23.273273273273272 0.0 0.0 0.0 0.0
23.303303303303302 0.0 0.0 0.0 0.0
23.33333333333333 0.0 0.0 0.0 0.0
23.36336336336336 0.0 0.0 0.0 0.0
23.39339339339339 0.0 0.0 0.0 0.0
23.42342342342342 0.0 0.0 0.0 0.0
23.45345345345345 0.0 0.0 0.0 0.0
23.48348348348348 0.0 0.0 0.0 0.0
23.51351351351351 0.0 0.0 0.0 0.0
23.54354354354354 0.0 0.0 0.0 0.0
23.573573573573572 0.0 0.0 0.0 0.0
23.603603603603602 0.0 0.0 0.0 0.0
23.633633633633632 0.0 0.0 0.0 0.0
23.663663663663662 0.0 0.0 0.0 0.0
23.693693693693692 0.0 0.0 0.0 0.0
23.723723723723722 0.0 0.0 0.0 0.0
23.753753753753752 0.0 0.0 0.0 0.0
23.783783783783782 0.0 0.0 0.0 0.0
23.813813813813812 0.0 0.0 0.0 0.0
23.843843843843842 0.0 0.0 0.0 0.0
23.873873873873872 0.0 0.0 0.0 0.0
23.903903903903903 0.0 0.0 0.0 0.0
23.933933933933933 0.0 0.0 0.0 0.0
23.963963963963963 0.0 0.0 0.0 0.0
23.993993993993993 0.0 0.0 0.0 0.0
24.024024024024023 0.0 0.0 0.0 0.0
24.054054054054053 0.0 0.0 0.0 0.0
24.084084084084083 0.0 0.0 0.0 0.0
24.114114114114113 0.0 0.0 0.0 0.0
24.144144144144143 0.0 0.0 0.0 0.0
24.174174174174173 0.0 0.0 0.0 0.0
24.204204204204203 0.0 0.0 0.0 0.0
24.234234234234233 0.0 0.0 0.0 0.0
24.264264264264263 0.0 0.0 0.0 0.0
24.294294294294293 0.0 0.0 0.0 0.0
24.324324324324323 0.0 0.0 0.0 0.0
24.354354354354353 0.0 0.0 0.0 0.0
24.38438438438438 0.0 0.0 0.0 0.0
24.41441441441441 0.0 0.0 0.0 0.0
24.44444444444444 0.0 0.0 0.0 0.0
24.47447447447447 0.0 0.0 0.0 0.0
24.504504504504503 0.0 0.0 0.0 0.0
24.534534534534533 0.0 0.0 0.0 0.0
24.564564564564563 0.0 0.0 0.0 0.0
24.594594594594593 0.0 0.0 0.0 0.0
24.624624624624623 0.0 0.0 0.0 0.0
24.654654654654653 0.0 0.0 0.0 0.0
24.684684684684683 0.0 0.0 0.0 0.0
24.714714714714713 0.0 0.0 0.0 0.0
24.744744744744743 0.0 0.0 0.0 0.0
24.774774774774773 0.0 0.0 0.0 0.0
24.804804804804803 0.0 0.0 0.0 0.0
24.834834834834833 0.0 0.0 0.0 0.0
24.864864864864863 0.0 0.0 0.0 0.0
24.894894894894893 0.0 0.0 0.0 0.0
24.924924924924923 0.0 0.0 0.0 0.0
24.954954954954953 0.0 0.0 0.0 0.0
24.984984984984983 0.0 0.0 0.0 0.0
25.015015015015013 0.0 0.0 0.0 0.0
25.045045045045043 0.0 0.0 0.0 0.0
25.075075075075073 0.0 0.0 0.0 0.0
25.105105105105103 0.0 0.0 0.0 0.0
25.135135135135133 0.0 0.0 0.0 0.0
25.165165165165163 0.0 0.0 0.0 0.0
25.195195195195193 0.0 0.0 0.0 0.0
25.225225225225223 0.0 0.0 0.0 0.0
25.255255255255253 0.0 0.0 0.0 0.0
25.285285285285283 0.0 0.0 0.0 0.0
25.315315315315313 0.0 0.0 0.0 0.0
25.345345345345343 0.0 0.0 0.0 0.0
25.375375375375373 0.0 0.0 0.0 0.0
25.405405405405403 0.0 0.0 0.0 0.0
25.435435435435434 0.0 0.0 0.0 0.0
25.46546546546546 0.0 0.0 0.0 0.0
25.49549549549549 0.0 0.0 0.0 0.0
25.52552552552552 0.0 0.0 0.0 0.0
25.55555555555555 0.0 0.0 0.0 0.0
25.58558558558558 0.0 0.0 0.0 0.0
25.61561561561561 0.0 0.0 0.0 0.0
25.64564564564564 0.0 0.0 0.0 0.0
25.67567567567567 0.0 0.0 0.0 0.0
25.7057057057057 0.0 0.0 0.0 0.0
25.73573573573573 0.0 0.0 0.0 0.0
25.76576576576576 0.0 0.0 0.0 0.0
25.79579579579579 0.0 0.0 0.0 0.0
25.82582582582582 0.0 0.0 0.0 0.0
25.85585585585585 0.0 0.0 0.0 0.0
25.88588588588588 0.0 0.0 0.0 0.0
25.91591591591591 0.0 0.0 0.0 0.0
25.945945945945947 0.0 0.0 0.0 0.0
25.975975975975977 0.0 0.0 0.0 0.0
26.006006006006007 0.0 0.0 0.0 0.0
26.036036036036037 0.0 0.0 0.0 0.0
26.066066066066067 0.0 0.0 0.0 0.0
26.096096096096097 0.0 0.0 0.0 0.0
26.126126126126128 0.0 0.0 0.0 0.0
26.156156156156158 0.0 0.0 0.0 0.0
26.186186186186188 0.0 0.0 0.0 0.0
26.216216216216214 0.0 0.0 0.0 0.0
26.246246246246244 0.0 0.0 0.0 0.0
26.276276276276274 0.0 0.0 0.0 0.0
26.306306306306304 0.0 0.0 0.0 0.0
26.336336336336334 0.0 0.0 0.0 0.0
26.366366366366364 0.0 0.0 0.0 0.0
26.396396396396394 0.0 0.0 0.0 0.0
26.426426426426424 0.0 0.0 0.0 0.0
26.456456456456454 0.0 0.0 0.0 0.0
26.486486486486484 0.0 0.0 0.0 0.0
26.516516516516514 0.0 0.0 0.0 0.0
26.546546546546544 0.0 0.0 0.0 0.0
26.576576576576574 0.0 0.0 0.0 0.0
26.606606606606604 0.0 0.0 0.0 0.0
26.636636636636634 0.0 0.0 0.0 0.0
26.666666666666664 0.0 0.0 0.0 0.0
26.696696696696694 0.0 0.0 0.0 0.0
26.726726726726724 0.0 0.0 0.0 0.0
26.756756756756754 0.0 0.0 0.0 0.0
26.786786786786784 0.0 0.0 0.0 0.0
26.816816816816814 0.0 0.0 0.0 0.0
26.846846846846844 0.0 0.0 0.0 0.0
26.876876876876874 0.0 0.0 0.0 0.0
26.906906906906904 0.0 0.0 0.0 0.0
26.936936936936934 0.0 0.0 0.0 0.0
26.966966966966964 0.0 0.0 0.0 0.0
26.996996996996995 0.0 0.0 0.0 0.0
27.027027027027025 0.0 0.0 0.0 0.0
27.057057057057055 0.0 0.0 0.0 0.0
27.087087087087085 0.0 0.0 0.0 0.0
27.117117117117115 0.0 0.0 0.0 0.0
27.147147147147145 0.0 0.0 0.0 0.0
27.177177177177175 0.0 0.0 0.0 0.0
27.207207207207205 0.0 0.0 0.0 0.0
27.237237237237235 0.0 0.0 0.0 0.0
27.267267267267265 0.0 0.0 0.0 0.0
27.297297297297295 0.0 0.0 0.0 0.0
27.327327327327325 0.0 0.0 0.0 0.0
27.357357357357355 0.0 0.0 0.0 0.0
27.387387387387385 0.0 0.0 0.0 0.0
27.417417417417415 0.0 0.0 0.0 0.0
27.447447447447445 0.0 0.0 0.0 0.0
27.477477477477475 0.0 0.0 0.0 0.0
27.507507507507505 0.0 0.0 0.0 0.0
27.537537537537535 0.0 0.0 0.0 0.0
27.56756756756756 0.0 0.0 0.0 0.0
27.59759759759759 0.0 0.0 0.0 0.0
27.62762762762762 0.0 0.0 0.0 0.0
27.65765765765765 0.0 0.0 0.0 0.0
27.68768768768768 0.0 0.0 0.0 0.0
27.71771771771771 0.0 0.0 0.0 0.0
27.74774774774774 0.0 0.0 0.0 0.0
27.77777777777777 0.0 0.0 0.0 0.0
27.8078078078078 0.0 0.0 0.0 0.0
27.83783783783783 0.0 0.0 0.0 0.0
27.86786786786786 0.0 0.0 0.0 0.0
27.8978978978979 0.0 0.0 0.0 0.0
27.92792792792793 0.0 0.0 0.0 0.0
27.95795795795796 0.0 0.0 0.0 0.0
27.98798798798799 0.0 0.0 0.0 0.0
28.01801801801802 0.0 0.0 0.0 0.0
28.04804804804805 0.0 0.0 0.0 0.0
28.07807807807808 0.0 0.0 0.0 0.0
28.10810810810811 0.0 0.0 0.0 0.0
28.13813813813814 0.0 0.0 0.0 0.0
28.16816816816817 0.0 0.0 0.0 0.0
28.1981981981982 0.0 0.0 0.0 0.0
28.22822822822823 0.0 0.0 0.0 0.0
28.25825825825826 0.0 0.0 0.0 0.0
28.28828828828829 0.0 0.0 0.0 0.0
28.318318318318315 0.0 0.0 0.0 0.0
28.348348348348345 0.0 0.0 0.0 0.0
28.378378378378375 0.0 0.0 0.0 0.0
28.408408408408405 0.0 0.0 0.0 0.0
28.438438438438435 0.0 0.0 0.0 0.0
28.468468468468465 0.0 0.0 0.0 0.0
28.498498498498495 0.0 0.0 0.0 0.0
28.528528528528525 0.0 0.0 0.0 0.0
28.558558558558556 0.0 0.0 0.0 0.0
28.588588588588586 0.0 0.0 0.0 0.0
28.618618618618616 0.0 0.0 0.0 0.0
28.648648648648646 0.0 0.0 0.0 0.0
28.678678678678676 0.0 0.0 0.0 0.0
28.708708708708706 0.0 0.0 0.0 0.0
28.738738738738736 0.0 0.0 0.0 0.0
28.768768768768766 0.0 0.0 0.0 0.0
28.798798798798796 0.0 0.0 0.0 0.0
28.828828828828826 0.0 0.0 0.0 0.0
28.858858858858856 0.0 0.0 0.0 0.0
28.888888888888886 0.0 0.0 0.0 0.0
28.918918918918916 0.0 0.0 0.0 0.0
28.948948948948946 0.0 0.0 0.0 0.0
28.978978978978976 0.0 0.0 0.0 0.0
29.009009009009006 0.0 0.0 0.0 0.0
29.039039039039036 0.0 0.0 0.0 0.0
29.069069069069066 0.0 0.0 0.0 0.0
29.099099099099096 0.0 0.0 0.0 0.0
29.129129129129126 0.0 0.0 0.0 0.0
29.159159159159156 0.0 0.0 0.0 0.0
29.189189189189186 0.0 0.0 0.0 0.0
29.219219219219216 0.0 0.0 0.0 0.0
29.249249249249246 0.0 0.0 0.0 0.0
29.279279279279276 0.0 0.0 0.0 0.0
29.309309309309306 0.0 0.0 0.0 0.0
29.339339339339336 0.0 0.0 0.0 0.0
29.369369369369366 0.0 0.0 0.0 0.0
29.399399399399396 0.0 0.0 0.0 0.0
29.429429429429426 0.0 0.0 0.0 0.0
29.459459459459456 0.0 0.0 0.0 0.0
29.489489489489486 0.0 0.0 0.0 0.0
29.519519519519516 0.0 0.0 0.0 0.0
29.549549549549546 0.0 0.0 0.0 0.0
29.579579579579576 0.0 0.0 0.0 0.0
29.609609609609606 0.0 0.0 0.0 0.0
29.639639639639636 0.0 0.0 0.0 0.0
29.669669669669663 0.0 0.0 0.0 0.0
29.699699699699693 0.0 0.0 0.0 0.0
29.729729729729723 0.0 0.0 0.0 0.0
29.759759759759753 0.0 0.0 0.0 0.0
29.78978978978979 0.0 0.0 0.0 0.0
29.81981981981982 0.0 0.0 0.0 0.0
29.84984984984985 0.0 0.0 0.0 0.0
29.87987987987988 0.0 0.0 0.0 0.0
29.90990990990991 0.0 0.0 0.0 0.0
29.93993993993994 0.0 0.0 0.0 0.0
29.96996996996997 0.0 0.0 0.0 0.0
30.0 0.0 0.0 0.0 0.0
